steps euler_seq euler_bias heun_seq heun_bias
2 0.000751468 0.456483 0.000857247 36.5465
3 0.019532 0.278232 0.0423011 0.982638
4 0.00247188 0.080997 0.0417789 1.09384
6 0.000360798 0.0734408 0.000256059 0.103351
8 0.000262745 0.0377595 0.000411104 0.0371019
12 0.00016918 0.0167322 0.000229487 0.00565897
16 0.000161874 0.00946125 0.000196144 0.00181546
24 0.000160704 0.00434636 0.000180086 0.000607305
32 0.000161951 0.00257706 0.000176413 0.000431144
48 0.000164426 0.00132644 0.000174347 0.000369729
64 0.000166121 0.000893609 0.000173729 0.000359421
96 0.00016812 0.000587879 0.000173323 0.000355261
128 0.000169232 0.00048237 0.000173188 0.000354399
256 0.000171042 0.000382943 0.000173062 0.000353844
